2000
42500
11500
2000
12500
3000
63000
2000
2000
2000
2000
33000
2000
11500
2000
2000
80000
5000
35000
5000
50500
52000
20000
75000
2000
2000
2000
2000
2000
5000
25000
104500
2000
2000
2000
2000
21000
1000
25000
92500
5000
2000
2000
2000
2000
2000
2000
75000
2000
2000
2000
2000
2000
10000
11500
92500
5000
2000
2000
2000
2000
2000
2000
21000
130000
2000
2000
2000
2000
2000
11500
11500
65000
31000
2000
13000
2000
2000
13000
22500
5000
 500
5000
30500
92500
2000
2000
2000
2000
5000
2000
5000
2000
75000
2000
2000
2000
2000
2000
2000
102000
20000
42000
53000
5000
   0
20000
   0
110000
20000
10000
81500
50000
30000
   0
115000
2000
2000
13000
12000
30000
75000
11500
2000
2000
11500
30500
43000
3000
13000
10000
130000
71000
81500
2000
2000
13000
50500
2000
42500
15000
11500
34500
53000
3000
100000
5000
22000
33000
91000
2000
15500
2000
62500
2000
24000
23000
52000
11000
1000
92500
13000
13000
5000
35500
2000
2000
2000
2000
11500
91000
2000
20000
2000
20000
2000
20000
41500
2000
20000
64500
3000
20000
5000
2000
5000
2000
24000
2000
44500
2000
64000
2000
2000
2000
2000
2000
21000
2000
11500
92500
5000
2000
5000
2000
5000
2000
5000
2000
5000
2000
64000
11500
11500
2000
2000
11500
2000
2000
11500
2000
21000
75000
2000
5000
2000
5000
2000
5000
2000
2000
5000
64000
2000
2000
2000
2000
2000
21000
2000
13000
94000
5000
24000
5000
13000
5000
92000
2000
13000
40000
123000
11500
2000
2000
15500
2000
32000
13000
100000
5000
2000
2000
24500
35500
4500
92000
14500
1000
123000
33000
10000
30000
1000
41000
65000
15500
2000
11500
80000
5000
2000
5000
2000
35000
30500
32000
3000
12500
44000
62500
2000
35500
11000
45000
2000
2000
2000
2000
11500
1500
94500
2000
2000
2000
2000
3500
92500
2000
2000
2000
2000
2000
2000
75000
2000
2000
2000
2000
2000
80000
2000
2000
13000
64000
2000
2000
2000
2000
2000
43000
3000
80000
100000
100000
100000
31500
64500
10000
20000
20000
44500
3000
13000
   0
53000
41000
110000
11500
11500
2000
11500
 500
1000
1000
61000
2000
2000
2000
1500
1500
5500
32500
10500
92500
2000
2000
13000
52000
2000
2000
2000
2000
81000
2000
1000
1500
14500
63500
2000
4500
2000
15500
10500
92500
2000
2000
2000
2000
23500
85500
2000
2000
11500
2000
2000
81000
13000
11500
1000
1000
2000
65000
15000
2000
2000
2000
15500
11000
32000
10000
92000
2000
2000
13000
52000
2000
2000
2000
2000
2000
33000
70500
2000
2000
2000
2000
52000
2000
2000
2000
2000
2000
82000
24000
11500
1500
94500
11500
1500
94500
11500
1500
94500
11500
64500
11500
25000
1500
82000
11500
64500
11500
1500
55000
64500
11500
25000
1500
112000
2000
2000
10500
64500
11500
64500
11500
11500
24000
1500
24500
94500
42000
55000
2000
64500
11500
64500
11500
64500
24000
24000
25000
42500
51000
11500
1500
80000
11500
1500
94500
25000
82000
24000
11500
1500
94500
25000
82000
11500
51000
11500
1500
94500
11500
52000
11500
24000
24000
2000
25000
82000
24000
1500
82000
31500
25000
14000
14000
22000
84500
11000
65000
25000
11000
24000
44000
85500
14000
22000
80000
20000
80000
15000
20000
24000
11500
75000
2000
2000
2000
2000
81000
15000
21500
70500
30000
30000
20000
80000
20000
30000
90000
2000
2000
2000
2000
11500
11500
2000
42500
30000
64500
10000
60000
11500
43000
64000
10500
2000
11500
51500
24000
2000
23000
71500
2000
25000
2000
2000
2000
1000
52000
2000
64000
2000
20000
2000
2000
2000
2000
42500
41000
61500
15500
2000
73500
20000
5000
35000
5000
24000
2000
5000
41900
73000
2000
2000
2000
11500
15500
2000
11500
102500
2000
2000
2000
15500
102500
2000
2000
2000
3500
92500
2000
5000
2000
5000
5000
2000
2000
5000
5000
2000
2000
5000
5000
75000
5000
5000
5000
5000
5000
4500
11500
11500
2000
11500
11500
11500
2000
11500
11500
2000
2000
11500
11500
11500
11500
11500
11500
3500
14000
50500
51500
63500
5000
92500
5000
5000
5000
2000
50000
90000
24000
2000
2000
2000
75000
5000
5000
4500
11500
11500
2000
11500
2000
11500
11500
2000
11500
2000
11500
2000
14500
42000
10000
95000
13000
13000
24000
20000
115000
22000
22000
22000
32000
14000
73000
5000
13000
5000
20000
31000
5000
5000
4500
2000
22000
15600
34500
25000
42000
50000
81500
24000
4500
14000
45000
2000
33000
32000
2000
20000
5000
64000
5000
5000
50000
5000
5000
5000
13000
81500
2000
2000
2000
53000
2000
2000
2000
11500
2000
2000
11500
2000
11500
10000
33500
31000
13000
5000
5000
2000
81500
2000
2000
42000
2000
11500
2000
2000
2000
2000
3500
25000
84000
5000
2000
5000
24000
5000
31000
2000
13000
14000
93500
35500
22000
93500
5000
4500
2000
5000
4500
5000
4500
10000
95000
11500
21500
1500
30500
91000
70500
21000
24000
71000
3000
43000
20000
43000
11500
11500
11500
61500
20000
20000
60000
65000
11000
15500
33500
2000
5000
13000
5000
2000
5000
42000
53000
2000
5000
2000
5000
2000
5000
13000
5000
64000
2000
11500
2000
2000
11500
11500
11500
2000
4500
21000
5000
75000
5000
5000
5000
2000
5000
5000
5000
2000
5000
5000
5000
2000
2000
5000
5000
5000
2000
5000
5000
5000
64000
11500
2000
11500
2000
11500
11500
11500
2000
11500
11500
11500
2000
11500
11500
11500
2000
11500
11500
11500
11000
20000
31000
4000
61000
4000
70500
15500
73500
15500
65000
4000
73000
25000
4000
55500
5500
63500
5500
70000
15000
4500
71000
25000
25000
10000
31000
70500
15500
73500
15500
65000
4000
34000
23000
13000
30000
31000
90000
71500
45500
2000
110000
2000
2000
2000
2000
2000
2000
75000
2000
2000
2000
2000
2000
2000
93500
5000
50000
81500
2000
2000
2000
2000
3000
65000
2000
2000
2000
2000
2000
91000
2000
2000
2000
2000
2000
64000
2000
2000
2000
2000
2000
10000
70500
31000
13000
45000
1000
1000
72000
5000
2000
2000
2000
13000
5000
4000
4000
35000
1000
1000
1000
101500
2000
2000
60000
2000
2000
45000
1000
1000
72000
5000
10000
34000
90000
2000
2000
5000
5000
13000
2000
2000
 500
84500
2000
2000
11500
11500
2000
11500
11500
2000
3500
1000
30000
5000
5000
5000
5000
42000
5000
2000
2000
53000
2000
2000
2000
2000
22500
105000
50000
2000
70500
2000
2000
2000
53000
2000
11500
2000
2000
2000
2000
20000
5000
5000
5000
5000
5000
5000
5000
5000
5000
2000
2000
95000
2000
13000
43000
105000
2000
2000
2000
2000
2000
91000
2000
24000
24000
4500
70500
24500
2000
31500
2000
2000
13000
2000
53000
2000
42000
2000
2000
2000
2000
2000
2000
2000
64000
2000
13000
2000
2000
4500
22500
81500
2000
2000
2000
2000
50500
2000
2000
2000
2000
91000
32500
2000
64000
4500
4500
22000
4500
73500
2000
2000
2000
2000
2000
30500
42500
2000
15500
3500
2000
2000
123500
2000
2000
2000
2000
2000
2000
75000
2000
2000
2000
2000
2000
2000
11500
2000
111000
2000
2000
35000
2000
2000
123500
35000
2000
2000
75000
2000
2000
2000
2000
2000
2000
2000
25000
45500
13000
92500
2000
2000
2000
2000
23000
13500
101500
2000
2000
2000
22500
50000
5000
5000
5000
5000
5000
13000
92500
5000
2000
2000
2000
2000
13000
5000
22500
130000
2000
2000
2000
15500
3500
33500
92500
2000
2000
2000
2000
2000
2000
14000
113000
2000
2000
2000
2000
2000
21000
1500
3000
115000
2000
2000
2000
2000
64000
2000
11500
2000
2000
2000
2000
14500
4000
50500
24000
2000
95000
2000
2000
13000
64000
15500
2000
2000
15500
34500
53000
5000
5000
5000
5000
31000
2000
13000
53000
11500
2000
2000
2000
2000
11500
2000
5000
24000
81500
2000
13000
5000
2000
11500
91000
2000
2000
2000
2000
3500
2000
110000
5000
5000
2000
5000
5000
2000
5000
5000
2000
5000
5000
2000
5000
5000
5000
5000
5000
2000
5000
5000
5000
5000
5000
2000
61500
11500
11500
2000
11500
11500
15500
11500
11500
2000
3500
22500
92500
5000
5000
2000
5000
5000
2000
5000
5000
2000
5000
5000
5000
5000
5000
2000
2000
64000
2000
33000
2000
2000
34500
75000
24000
2000
13000
15500
104500
55500
70500
24000
50500
53500
1000
1000
1000
101500
53500
3000
64500
2000
73500
24000
2000
13000
21000
61000
20000
64000
 500
2000
2000
42000
2000
2000
2000
2000
2000
32000
20000
2000
92500
5000
2000
5000
2000
13000
40000
10000
85500
2000
2000
2000
2000
11500
11500
43000
35500
4500
3500
30000
62500
4500
5500
2000
13000
1000
75000
22500
40000
52000
2000
1000
 500
20000
5000
64000
13000
20000
13000
5000
11500
73500
2000
2000
42500
2000
13000
11000
33500
75000
2000
13000
2000
2000
61500
2000
2000
2000
62500
2000
2000
2000
2000
2000
30500
60000
2000
2000
15500
2000
2000
73500
15500
22500
45000
92500
5000
2000
5000
2000
5000
2000
5000
2000
2000
2000
75000
2000
2000
2000
2000
2000
2000
4500
30000
45000
92500
2000
2000
5000
2000
2000
5000
2000
2000
21000
130000
2000
2000
11500
2000
2000
2000
11500
11500
5000
30000
30000
115000
2000
2000
35000
2000
110000
35000
2000
2000
21000
130000
11500
2000
2000
2000
11500
2000
2000
11500
10000
92500
2000
5000
2000
2000
5000
2000
5000
2000
50500
2000
2000
15500
11500
54000
24500
15500
2000
42500
33000
32000
13000
92500
2000
5000
5000
5000
5000
5000
5000
5000
5000
5000
5000
2000
5000
5000
5000
5000
5000
5000
5000
5000
5000
2000
5000
5000
5000
5000
5000
5000
2000
5000
5000
5000
5000
5000
5000
5000
2000
5000
5000
5000
5000
5000
5000
2000
 500
11500
11000
2000
22000
11500
90000
11500
11500
11500
11500
2000
11500
11500
11500
11500
11500
11500
11500
2000
11500
11500
11500
11500
11500
2000
11500
11500
11500
11500
11500
11500
11500
2000
11500
53500
15000
24000
2000
2000
20000
2000
5000
5000
11000
15500
11500
11500
25000
43000
5500
63000
53000
50000
40000
110000
2000
11500
11500
33000
63500
20000
   0
   0
3000
95000
24500
2000
63500
60000
103500
5000
5000
5000
5000
5000
5000
5000
5000
2000
5000
5000
5000
5000
5000
5000
5000
5000
5000
5000
5000
2000
5000
5000
5000
5000
5000
5000
5000
5000
5000
5000
5000
50000
2000
5000
5000
5000
5000
5000
5000
5000
5000
70500
2000
2000
2000
14000
104500
2000
2000
11500
2000
2000
2000
60000
4000
20000
31000
5000
40000
5000
22000
22500
22000
2000
34000
33000
5000
5500
110000
2000
2000
2000
2000
2000
2000
75000
2000
2000
2000
2000
2000
11500
11500
11500
11000
10000
5000
1000
95000
2000
2000
2000
2000
2000
12000
10000
85000
2000
2000
2000
2000
2500
23500
3000
85000
2000
2000
2000
2000
23000
14000
80500
2000
2000
2000
14500
2000
75000
2000
2000
2000
2000
2000
50500
2000
2000
2000
4500
11500
91000
4000
4000
95000
4000
4000
4000
132000
2000
2000
91000
2000
2000
12000
132000
4000
4000
4000
132000
4000
4000
95000
4000
4000
4000
132000
2000
2000
91000
2000
2000
12000
132000
4000
4000
4000
95000
4000
33000
21000
64000
2000
60000
2000
54000
4000
95000
4000
4000
95000
4000
4000
4000
132000
2000
2000
91000
2000
2000
12000
132000
4000
4000
4000
132000
4000
4000
95000
4000
4000
4000
132000
2000
2000
91000
2000
2000
12000
132000
4000
4000
4000
132000
25000
4000
4000
64000
2000
91000
2000
2000
91000
4000
4000
62000
25000
4000
64000
2000
60000
2000
54000
4000
25000
33000
10000
20000
75000
2000
13000
2000
2000
 500
2500
90000
2000
4500
2000
21000
5000
81500
5000
2000
2000
2000
2000
2000
75000
11500
2000
2000
2000
2000
11500
11500
2000
2000
60500
5000
5000
2000
5000
5000
5000
64000
2000
2000
2000
35000
90000
11500
11500
11500
11500
2000
2000
2000
11500
2000
2000
91000
72000
11500
81500
13000
2000
5000
5000
5000
2000
64000
11500
2000
2000
2000
2000
21000
40000
54000
50000
1000
22500
80000
5000
35000
5000
5000
5000
64000
5000
13000
2000
5000
5000
5000
5000
2000
53000
2000
2000
11500
2000
2000
2000
1000
42000
30000
31000
13000
13000
21000
43000
43000
43000
43000
43000
43000
43000
43000
43000
140000
2000
2000
5000
2000
2000
53000
11500
11500
11500
2000
2000
2000
2000
11500
2000
65000
13000
31000
13000
42000
13000
13000
5000
2000
1000
24500
91000
2000
2000
2000
11500
11500
2000
51500
13000
24000
11000
22000
22000
92000
25000
4000
25000
4000
25000
14000
90000
35000
12000
74000
72000
75000
32500
64000
2000
50500
5000
60000
31000
84000
2000
2000
2000
22500
1500
102000
2000
2000
11500
11500
2000
2000
3500
5000
64000
3000
3000
2000
60500
25500
84500
2000
4500
70000
3000
3000
2000
84000
15000
3000
3000
2000
81500
2000
4500
63500
2000
4500
70000
3000
3000
30000
2000
63000
2000
34000
85000
2000
4000
1500
2000
25500
23000
90500
2000
52000
84500
2000
12500
2000
20000
13000
90000
2000
2000
2000
2000
25000
15000
15500
101500
2000
5000
5000
5000
4500
2000
2000
71000
2000
5000
5000
5000
2000
35000
42000
2000
2000
64000
5000
4500
5000
5000
5000
4500
2000
2000
62500
2000
2000
2000
2000
2000
2000
20000
65000
5000
5000
5000
5000
5000
2000
2000
13000
23500
5000
83000
2000
23500
 500
90000
2000
2000
2000
5000
2000
35500
2000
2000
5000
4500
2000
10000
81500
5000
2000
5000
5000
2000
2000
5000
2000
64000
2000
2000
2000
2000
11500
2000
2000
104500
13000
5000
2000
42000
11500
13000
13000
5000
24000
55500
5000
51000
25000
122000
2000
2000
2000
4500
64000
50000
42000
2000
2000
13000
2000
64000
2000
2000
4500
2000
11500
2000
91000
5000
50000
2000
91000
2000
2000
31500
2000
2000
2000
63000
13000
2000
42000
24500
50000
2000
5500
3000
41000
25000
4000
25000
51000
62000
15000
84000
25000
4000
25000
62000
3000
3000
3000
3000
74000
24000
51000
5000
5000
2000
5000
5000
64000
2000
2000
25000
1000
101500
13000
3500
2000
2000
94500
15000
3000
3000
3000
3000
111000
13000
13000
13000
12000
63000
5000
2000
53000
11500
11500
11500
11500
81000
5000
31000
11000
1000
1000
1000
74000
42500
13000
13000
13000
12000
11000
120000
11500
11500
11500
11500
11500
11500
11500
2000
11500
11500
11500
11500
11500
11500
11500
2000
11500
11500
11500
11500
11500
11500
11500
2000
11500
11500
11500
11500
11500
11500
11500
1500
11500
11500
11500
73000
11500
11500
11500
11500
11500
11500
11500
2000
11500
11500
11500
11500
11500
11500
11500
2000
11500
11500
11500
11500
11500
11500
11500
2000
11500
11500
11500
11500
11500
11500
11500
1500
11500
11500
11500
5000
11000
85000
3000
13000
2000
100000
11500
11500
11500
11500
91000
13000
35000
53000
13000
13000
12000
100000
11500
11500
11500
11500
91000
35000
53000
3000
3000
3000
2000
51500
53500
11500
11500
11500
11500
91000
13000
13000
13000
75000
2000
2000
2000
4500
25000
123500
2000
2000
2000
4500
25000
25000
112500
2000
2000
13000
64000
22000
52000
75000
52000
123500
2000
15500
2000
2000
3500
25000
113500
54500
25000
112500
31000
2000
2000
20500
25000
123500
2000
2000
20500
44000
65000
52500
25000
64500
70500
2000
2000
2000
2000
41500
25000
123500
2000
2000
   0
4000
2000
3500
75500
25000
2000
4500
123500
2000
2000
2000
52500
75500
2000
4500
25000
61500
63500
22500
24500
50000
   0
95000
70000
100000
70000
71000
92500
2000
11500
2000
2000
11500
51500
12500
2000
95000
44000
61000
2000
2000
41000
12500
30000
120000
2000
2000
2000
53000
11000
24000
   0
30000
40000
60000
41500
4000
20500
110000
2000
2000
10500
64500
63500
61000
42000
11500
11500
33500
2000
24000
23000
92500
43500
100000
15500
12500
12000
20000
120000
2000
2000
13000
2000
25000
113000
3000
105500
2000
11500
11500
11500
11500
11500
2000
2000
2000
11500
54000
44000
72000
5000
82500
52500
83000
10000
23000
103000
11000
31000
21500
55000
35000
23000
75000
23000
5000
23500
20500
110000
24000
64500
91500
2000
11500
63500
10000
 500
20000
61000
20000
95000
23000
104500
2000
11500
33000
43000
53000
41000
44000
4500
22000
53500
15500
43000
5000
51500
45000
90000
2000
13000
24500
63500
95000
 500
35000
5000
5000
5000
2000
75000
13000
2000
2000
53000
2000
2000
11500
11500
15500
4500
2000
23500
20000
95000
5000
2000
5000
2000
5000
2000
5000
2000
35500
2000
2000
2000
22500
35000
95000
2000
2000
2000
2000
2000
64000
2000
2000
2000
2000
22500
61000
5000
42000
2000
2000
13000
64000
2000
11500
2000
2000
2000
11500
22500
94000
20000
13000
2000
5000
2000
2000
50500
2000
11500
11500
2000
2000
11500
2000
54000
42000
13000
13000
13000
30500
15500
91000
2000
33000
22500
94000
25000
15000
84000
2000
2000
91000
2000
2000
80000
15000
5000
90000
2000
33000
53000
2000
60000
2000
80000
15000
84000
2000
2000
5000
2000
42000
11500
2000
2000
31500
15000
53000
2000
60000
2000
80000
15000
51000
2000
1000
2000
40000
25000
23000
65000
13000
5000
5000
5000
5000
5000
5000
5000
24000
5000
5000
5000
5000
5000
5000
5000
5000
5000
13000
81500
50000
72500
2000
11500
2000
11500
2000
15500
52000
5000
64000
23000
11500
1500
63000
2000
23000
4000
2000
11500
65000
14500
1500
45500
15500
15500
80000
1000
2000
1500
2000
2000
2000
105000
2000
2000
2000
15500
21000
5000
5000
5000
5000
5000
5000
5000
75000
2000
2000
5000
5000
5000
2000
5000
2000
5000
2000
13000
5000
90000
11500
11500
2000
2000
2000
11500
2000
11500
2000
2000
85000
2000
2000
2000
2000
75000
2000
2000
2000
2000
62500
5000
2000
5000
5000
50000
2000
73000
5000
2000
5000
2000
5000
2000
5000
75000
11500
2000
11500
2000
2000
11500
11500
11500
2000
11500
80000
2000
5000
5000
31000
5000
85500
95000
5000
2000
2000
2000
22000
40000
2000
15500
2000
5000
4500
11500
91000
5000
5000
5000
5000
5000
2000
5000
5000
5000
5000
5000
2000
5000
5000
5000
5000
5000
2000
5000
5000
5000
5000
5000
5000
5000
5000
5000
5000
5000
5000
5000
13000
5000
5000
5000
5000
5000
13000
5000
5000
5000
5000
5000
42000
5000
5000
5000
5000
5000
13000
5000
5000
5000
5000
5000
75000
2000
11500
11500
11500
11500
11500
11500
11500
11500
11500
15500
11500
11500
11500
11500
11500
11500
11500
11500
11500
11500
11500
11500
11500
2000
5000
5000
5000
5000
5000
5000
5000
5000
5000
5000
5000
5000
4500
11500
11500
11500
11500
2000
11500
104500
13000
22100
3000
85000
11500
11500
2000
2000
11500
2000
11500
2000
11500
11500
2000
21000
15500
25000
34500
84000
2000
13000
2000
2000
2000
55500
5000
24500
2000
2000
2000
2000
2000
21000
92500
5000
5000
2000
24000
5000
40000
85000
40500
11500
50500
11500
41000
   0
20000
20000
5000
140000
2000
5000
5000
5000
5000
61000
70500
2000
2000
53000
11500
2000
2000
11500
11500
2000
5000
4500
2000
2000
93500
5000
5000
5000
5000
5000
73000
11500
11500
11500
104500
13000
2000
2000
2000
5000
5000
5000
5000
5000
2000
5000
5000
5000
5000
5000
2000
5000
5000
5000
5000
5000
90000
2000
11500
11500
2000
11500
11500
2000
2000
11500
2000
3500
5000
5000
5000
103500
11300
5000
5000
5000
5000
5000
50000
81500
5000
13000
5000
5000
5000
5000
5000
2000
2000
5000
2000
61500
2000
11500
2000
15500
11500
80000
13000
35000
90000
2000
2000
2000
2000
2000
2000
14000
102500
15500
2000
2000
65000
14000
5000
2000
5000
24000
2000
92500
2000
24000
2000
25000
14000
93500
2000
2000
2000
2000
11500
91000
2000
2000
2000
2000
2000
2000
2000
90000
2000
2000
2000
2000
2000
10000
81500
2000
2000
35000
81500
2000
2000
2000
5000
2000
64000
11500
2000
2000
2000
2000
2000
25500
75500
2000
2000
2000
4500
25000
2500
122000
2000
2000
2000
1500
2500
52000
2000
81500
2000
2000
2000
2000
50500
5000
70500
122000
15500
2000
2000
2000
91000
1000
1000
42000
2000
2000
2000
2000
2000
2000
44000
2000
2000
73500
1000
1000
40500
2000
2000
44000
2000
12000
2000
12000
45500
1000
1000
5000
31000
122000
4000
62000
4000
   0
91000
2000
4000
93000
2000
4000
10000
132000
4000
   0
12000
121000
13000
31000
5000
5000
5000
5000
5000
5000
5000
5000
5000
5000
13000
5000
5000
5000
5000
5000
5000
5000
35000
92500
5000
5000
5000
5000
5000
5000
5000
5000
13000
13000
5000
5000
5000
5000
5000
5000
5000
5000
2000
5000
5000
5000
5000
5000
5000
5000
5000
2000
75000
2000
2000
11500
11500
11500
11500
11500
2000
2000
11500
11500
11500
11500
11500
11500
11500
2000
2000
22000
11500
92500
5000
2000
2000
5000
5000
5000
2000
5000
5000
2000
5000
5000
5000
13000
5000
5000
75000
11500
11500
2000
11500
11500
2000
11500
2000
11500
2000
2000
11500
32000
13000
31000
13000
81500
2000
2000
2000
5000
5000
53500
2000
2000
1000
31000
62000
2000
60000
4000
   0
91000
2000
4000
93000
2000
4000
10000
132000
4000
   0
12000
121000
2500
2000
2000
15500
53500
5500
1000
52000
50000
92500
11500
10500
31000
4000
   0
91000
2000
60000
2000
4000
93000
4000
   0
54000
4000
45000
53000
62000
2000
2000
2000
2000
2000
2000
75000
2000
2000
2000
2000
11500
2000
11500
10000
10000
25000
125000
14000
21500
90500
42000
65500
123500
65500
92500
2000
2000
2000
91000
51000
5500
123500
65500
53500
2000
55500
2000
2000
30500
25000
123500
2000
2000
2000
2000
2000
80000
74500
25000
25000
101500
5000
5000
5000
5000
5000
50000
92500
5000
2000
5000
13000
2000
2000
5000
5000
64000
2000
2000
2000
2000
2000
11500
3500
23500
11500
92500
2000
2000
5000
5000
5000
5000
5000
2000
2000
2000
5000
2000
5000
75000
11500
2000
2000
2000
2000
2000
11500
2000
11500
23500
92500
2000
2000
2000
2000
2000
2000
75000
2000
2000
2000
2000
2000
11500
2000
23500
11500
92500
2000
5000
2000
2000
5000
5000
2000
2000
2000
14000
121000
2000
2000
2000
2000
2000
91000
5000
2000
2000
2000
2000
2000
2000
2500
101500
2000
2000
2000
2000
15500
91000
5000
2000
2000
2000
5000
2000
13000
90000
2000
15500
2000
2000
21000
75000
5000
5000
5000
5000
5000
72000
81500
2000
2000
5000
2000
2000
64000
2000
2000
2000
2000
2000
2000
34500
1000
11500
2000
110000
2000
5000
2000
2000
13000
5000
64000
2000
11500
2000
2000
2000
11500
2000
10000
92500
2000
2000
2000
2000
2000
2000
75000
2000
2000
2000
2000
2000
2000
23500
2000
110000
2000
2000
5000
5000
2000
5000
5000
2000
5000
2000
64000
11500
11500
11500
2000
2000
11500
2000
2000
2000
11500
10000
2000
5000
5000
11500
5000
5000
5000
5000
11500
5000
5000
5000
5500
124500
2000
2000
2000
2000
2000
2000
75000
2000
2000
2000
2000
2000
91000
2000
5000
5000
2000
5000
5000
2000
2000
2000
64000
15500
2000
15500
91000
2000
2000
2000
2000
5000
5000
2000
5000
5000
2000
5000
12500
101500
2000
2000
2000
2000
2500
90000
5000
5000
5000
5000
5000
2000
2000
2000
2000
2000
12000
4500
84000
2000
2000
2000
3500
2500
20500
81500
2000
5000
5000
2000
5000
5000
2000
5000
5000
2000
2000
5000
2500
101500
15500
11500
11500
2000
11500
11500
2000
11500
11500
3500
92500
2000
2000
5000
5000
2000
5000
5000
2000
5000
5000
2000
5000
5000
2000
5000
5000
44000
33000
14000
50000
34500
41500
61000
2000
2000
53000
2000
2000
2000
33000
104500
72000
92500
2000
2000
2000
2000
2000
50500
2000
11500
2000
2000
2000
21000
43000
5000
42000
2000
2000
13000
2000
64000
2000
2000
2000
11500
2000
12500
14000
92500
2000
13000
13000
2000
53000
13000
24000
92500
2000
2000
2000
2000
2000
2000
15500
110000
5000
5000
5000
5000
5000
5000
5000
5000
5000
5000
2000
5000
5000
5000
5000
5000
5000
5000
2000
5000
5000
5000
5000
5000
5000
5000
5000
5000
5000
2000
2000
2000
2000
2000
90000
11500
11500
11500
11500
11500
11500
11500
2000
11500
11500
11500
11500
11500
11500
11500
2000
11500
11500
11500
11500
11500
11500
11500
11500
2000
11500
11500
11500
11500
11500
11500
11500
11500
2000
11500
11500
11500
11500
11500
11500
2000
11500
11500
11500
11500
11500
11500
2000
71500
4000
2000
113000
5000
23500
4000
20500
2000
2000
2000
5000
55500
1500
4000
70000
1000
1000
15000
41500
5500
64000
110000
20000
54000
4000
2000
93000
4000
2000
130000
4000
4000
4000
95000
4000
4000
95000
4000
4000
95000
4000
4000
95000
4000
4000
95000
62000
25000
25000
25000
4000
25000
4000
25000
4000
25000
132000
25000
2000
25000
2000
25000
91000
25000
2000
25000
2000
25000
12000
25000
132000
25000
4000
25000
4000
25000
4000
25000
132000
25000
25000
25000
4000
25000
4000
25000
4000
25000
132000
25000
2000
25000
2000
25000
91000
25000
2000
25000
2000
25000
12000
25000
132000
25000
4000
25000
4000
25000
4000
25000
132000
25000
25000
25000
4000
25000
4000
25000
4000
25000
132000
25000
2000
25000
2000
25000
91000
25000
2000
25000
2000
25000
12000
25000
132000
25000
4000
25000
4000
25000
4000
25000
95000
62000
4000
4000
95000
2000
2000
91000
2000
2000
91000
4000
4000
95000
4000
62000
4000
4000
4000
132000
2000
2000
91000
2000
2000
12000
132000
4000
4000
95000
4000
62000
4000
4000
4000
132000
2000
2000
91000
2000
2000
12000
132000
4000
4000
95000
4000
62000
4000
4000
4000
132000
2000
2000
91000
2000
1000
12000
132000
4000
4000
95000
25000
25000
25000
4000
25000
4000
25000
4000
25000
132000
25000
2000
25000
2000
25000
91000
25000
2000
25000
2000
25000
12000
25000
132000
25000
4000
25000
4000
25000
4000
25000
132000
4000
4000
95000
2000
2000
91000
2000
2000
91000
4000
4000
95000
4000
4000
95000
2000
2000
91000
2000
2000
91000
4000
4000
11000
   0
72000
13000
80000
35000
75000
13000
2000
42000
3500
11500
2000
2000
11500
2000
2000
21000
32000
5000
20000
5000
5000
5000
5000
5000
5000
5000
2000
5000
5000
5000
5000
2000
5000
5000
5000
5000
5000
5000
13000
81500
5000
2000
35000
75000
11500
2000
11500
2000
2000
2000
11500
2000
43000
52000
5000
5000
5000
61000
92500
13000
2000
33500
42500
20000
103000
11500
2000
2000
15500
11500
51500
5000
5000
13000
5000
2000
5000
13000
81500
13000
2500
53500
33000
42500
11500
11500
2000
11500
22000
11500
2000
11500
21000
15000
40500
25000
62500
20000
24500
55500
12000
33000
1000
12500
   0
23000
15500
52000
25000
30000
75000
15000
14000
4000
114500
4500
4500
42500
5000
24000
5000
5000
5000
5000
5000
5000
5000
5000
5000
5000
5000
13000
5000
5000
5000
5000
5000
5000
5000
5000
5000
2000
11500
11500
70500
5000
2000
5000
5000
5000
5000
5000
5000
5000
5000
5000
5000
5000
5000
13000
5000
64000
11500
2000
11500
11500
2000
11500
2000
11500
2000
11500
11500
2000
65000
5000
5000
2000
5000
5000
35000
92500
2000
24000
2000
33000
14000
30500
84500
2000
33000
5000
5000
22000
104500
5000
24000
5000
31000
5000
5000
2000
5000
5000
5000
5000
5000
5000
5000
13000
5000
2000
5000
5000
5000
2000
2000
22500
60000
2000
11500
2000
5000
5000
5000
5000
22500
85000
15000
3000
15000
3000
15000
43000
15000
122000
15000
5000
15000
2000
15000
35000
15000
122000
15000
5000
15000
2000
15000
35000
15000
125000
15000
3000
15000
3000
15000
43000
15000
92000
24000
85000
2000
2000
13000
22500
40000
53000
2000
11500
33000
11500
11500
40500
14000
80000
12000
15000
40500
60000
15500
20500
5000
24000
25000
40000
4500
41000
15000
62000
24500
42500
42500
4000
31000
11500
2000
2000
5000
5000
4500
12000
2000
42000
3000
23000
90000
20000
30000
10000
30000
40000
30000
20000
3000
10000
83000
40000
20000
70000
2000
61000
70500
2000
2000
2000
11500
11500
60000
2000
2000
3500
55500
24000
5000
21000
105500
11500
2000
15500
3500
11500
92500
5000
2000
5000
2000
2000
2000
2000
5000
64000
11500
11500
2000
11500
2000
2000
11500
2000
2000
2000
23500
44500
2000
2000
75000
2000
2000
2000
2500
15500
11500
10000
44500
5000
24000
92500
5000
5000
2000
5000
5000
2000
5000
5000
5000
2000
5000
13000
5000
5000
5000
2000
5000
5000
75000
11500
15500
11500
11500
2000
2000
2000
3500
62000
5000
53000
2000
2000
2000
2000
2000
5000
2000
5000
75000
11000
2000
2000
2000
2000
80000
5000
5000
5000
61000
92500
5000
13000
5000
2000
2000
2000
64000
2000
15500
2000
2000
2000
23500
70500
2000
5000
2000
2000
64000
2000
15500
2000
62500
32000
25000
52500
13000
2000
33500
91000
2000
2000
2000
2000
11500
11500
11500
11500
63500
70000
84500
53000
23000
44500
5000
21500
2000
43500
41500
11500
11500
11500
54000
11500
4000
12000
1500
3000
74000
24000
62000
20000
5000
13000
2000
11000
10000
35000
2000
4500
5000
10000
5000
11000
31000
5000
24000
11500
92500
5000
2000
2000
24000
13500
101500
5000
5000
5000
5000
4500
5000
5000
5000
4500
10000
5000
11000
31000
5000
5000
5000
5000
5000
5000
5000
5000
24000
92500
5000
2000
5000
2000
2000
5000
13000
5000
64000
4500
2000
2000
2000
2000
91000
5000
5000
5000
5000
13000
5000
5000
5000
5000
5000
5000
5000
5000
5000
35000
5000
5000
5000
2000
11500
81500
13000
5000
42000
2000
2000
11500
2000
11500
2000
2000
21000
5000
52000
5000
5000
5000
2000
53000
5000
2000
2000
5000
24000
15500
11500
60000
2000
5000
4500
11500
15500
2000
11500
11500
54000
42000
5000
61000
11500
70500
5000
2000
5000
5000
5000
13000
5000
53000
2000
25000
2000
21000
1000
44000
5000
5000
3000
42000
35000
41000
50000
11500
81500
5000
13000
24000
75000
11500
11500
11500
2000
11500
11500
11500
2000
11500
2000
11500
2000
2000
11500
91000
13000
45000
90000
11500
33000
10000
43000
10500
50500
2000
11500
25000
11500
2000
11500
11500
11500
1500
1500
11500
55000
11500
2000
2000
2000
2000
42500
1000
50500
41000
61500
2000
11500
11500
11500
2000
11500
11500
2000
11500
2000
11500
11500
2000
104500
50000
33000
15500
2000
91000
2000
2000
2000
2000
2000
91000
72000
81500
2000
2000
2000
2000
2000
61500
2000
2000
2000
2000
5000
45000
92500
2000
2000
2000
2000
2000
64000
2000
2000
2000
2000
2000
5000
24000
2000
110000
2000
2000
2000
2000
2000
64000
2000
2000
2000
2000
11500
2000
10000
2000
110000
2000
2000
2000
2000
2000
64000
11500
2000
2000
2000
2000
2000
10000
2000
11500
110000
2000
2000
2000
2000
2000
2000
75000
2000
2000
11500
2000
2000
2000
2000
23500
11500
3500
30000
95000
11500
2000
21000
92500
2000
2000
2000
2000
2000
64000
2000
2000
2000
11500
2000
2000
2000
23500
2000
95000
5000
2000
2000
5000
2000
2000
64000
11500
2000
2000
2000
2000
11500
2000
10000
11500
11500
11500
2000
11500
110000
2000
2000
2000
2000
2000
64000
2000
11500
2000
2000
2000
2000
10000
61500
25000
33000
22500
45000
61500
33000
5000
30000
82000
30000
30000
25500
30000
43500
1500
14000
54000
2000
24500
2000
25500
23000
20000
 500
15500
15500
60000
50500
73500
2000
2000
2000
2000
53000
2000
2000
2000
2000
3500
11500
81500
2000
2000
2000
2000
5000
2000
61500
11500
2000
2000
2000
2000
11500
91000
2000
33000
14500
64000
2000
2000
2000
13000
2000
31000
22500
5500
101500
2000
2000
2000
2000
73500
2000
2000
2000
13000
2000
53000
5000
50000
90000
2000
5000
13000
5000
2000
2000
64000
11500
2000
11500
2000
2000
11500
2000
2000
65000
20000
2000
2000
5000
2000
2000
50500
2000
2000
2000
2000
91000
2000
2000
24000
2000
2000
55500
35500
84000
2000
2000
2000
73500
2000
2000
13000
2000
2000
64000
35000
74000
2000
13000
53000
11500
2000
11500
2000
11500
2000
11500
1000
2000
64000
2000
13000
53000
2000
2000
2000
23000
31000
2000
35000
31000
35500
2000
2000
60000
4500
2000
2000
2000
60000
2000
2000
13000
53000
61000
2000
84000
2000
2000
2000
64000
2000
11500
2000
2000
2000
15500
34500
2000
2000
95000
2000
13000
2000
11500
73500
2000
2000
2000
15500
23500
11500
11500
11500
11500
11500
2000
110000
5000
5000
5000
5000
5000
2000
5000
5000
5000
5000
5000
2000
5000
5000
5000
5000
5000
2000
2000
2000
5000
5000
5000
5000
5000
2000
5000
5000
5000
5000
5000
75000
11500
11500
11500
11500
11500
2000
11500
11500
11500
2000
11500
11500
11500
11500
2000
2000
2000
2000
11500
11500
11500
34500
2000
11500
11500
11500
11500
11500
2000
11500
11500
11500
11500
11500
110000
2000
5000
5000
5000
5000
5000
2000
5000
5000
5000
5000
5000
2000
5000
5000
5000
5000
5000
2000
5000
5000
5000
5000
5000
2000
64000
2000
2000
2000
11500
11500
11500
11500
2000
11500
11500
11500
2000
11500
2000
34500
2000
11500
11500
11500
2000
11500
11500
11500
11500
11500
110000
2000
5000
5000
5000
5000
5000
2000
2000
2000
5000
5000
5000
5000
5000
2000
5000
5000
5000
5000
5000
2000
 500
84500
2000
11500
11500
11500
2000
11500
11500
11500
11500
2000
11500
11500
11500
2000
11500
11500
11500
11500
15500
11500
11500
11500
11500
11500
60500
5000
5000
24000
11500
2000
95000
2000
2000
24500
2000
2000
2000
11500
2000
5000
74500
35000
13000
75000
35000
13000
31000
13000
75000
2000
35000
64000
13000
35000
80000
63000
22000
73000
31000
5000
5000
5000
5000
5000
5000
5000
5000
5000
5000
24000
34000
5000
5500
53500
25000
2000
20000
35000
55500
11500
2000
11500
2000
2000
34500
22000
44000
11500
4500
4500
22500
4500
73000
5000
5000
4000
2000
11500
44000
1000
54500
1000
11500
95000
2000
10000
95000
2000
10000
95000
1000
11500
51000
31000
5000
5000
2000
5000
5000
5000
31000
35000
12000
94500
5000
5000
5000
4500
2000
5000
5000
5000
5000
5000
5000
5000
4500
2000
51500
20000
1000
70000
11500
15500
2000
20000
35000
2000
13500
4500
2000
2000
35500
30000
30000
30000
62000
92500
2000
2000
2000
2000
5000
5000
5000
2000
2000
75000
2000
2000
2000
2000
11500
11500
11500
2000
65000
5000
50000
81500
13000
5000
2000
2000
11500
84500
2000
2000
11500
11500
2000
2000
25500
2000
51000
20000
71000
12000
60000
25000
13000
10000
90000
2000
2000
2000
2000
2000
2000
75000
2000
2000
2000
2000
2000
10000
44500
63000
1000
14000
33000
2000
43000
5000
42000
5000
2000
65000
110000
2000
2000
2000
2000
2500
95000
5000
2000
5000
2000
5000
2000
2000
12000
72500
2000
2000
2000
63500
 500
35500
 500
 500
 500
 500
95500
 500
 500
 500
 500
95500
 500
 500
 500
 500
95500
 500
 500
15500
 500
 500
105500
 500
 500
55500
 500
 500
 500
 500
 500
115500
 500
 500
 500
 500
 500
115500
 500
 500
 500
 500
 500
115500
 500
 500
 500
 500
 500
104500
61000
5000
12500
10000
72500
33000
62500
40000
24500
31000
20000
30500
42500
11500
2000
11500
33500
64000
20000
41000
5000
64000
2000
   0
15500
11500
2000
21000
20000
53000
2000
13000
2000
33000
15500
2000
73500
11500
33000
2000
91000
33000
45000
2000
31000
42500
15500
60000
25000
2000
2000
2000
2000
5000
2000
25000
2000
60000
2000
70000
2000
2000
2000
2000
2000
53000
50500
2000
91000
2000
2000
2000
2000
53000
2000
2000
2000
2000
2000
80000
2000
13500
11500
33000
42500
5500
2000
53000
2000
2000
2000
2000
2000
43000
13000
13000
2000
2000
90000
13000
24000
2000
2000
92500
1500
11500
2000
2000
2000
73500
2000
2000
11500
2000
2000
11500
2000
80000
13000
13000
2000
2000
90000
2000
2000
2000
2000
2000
2000
81500
2000
2000
2000
2000
73500
2000
2000
2000
13000
2000
75000
2000
2000
2000
3000
35000
32000
2000
24000
13000
92500
2000
15500
25000
15500
62500
2000
20000
24000
53000
5000
2000
2000
2000
2000
2000
11500
43000
5000
53000
1000
15000
2000
2000
82000
2000
50500
91000
2000
2000
2000
15500
91000
1000
25000
22000
32000
2000
13000
22000
2000
60000
15500
2000
42500
25000
22000
12000
51000
2000
2000
30000
2000
1000
51000
2000
3000
43500
2000
11500
2000
2000
60000
2000
2000
2000
62500
5000
2000
5000
2000
11000
11500
2000
11500
60000
2000
11500
2000
11500
2000
11500
2000
11500
73500
2000
2000
2000
2000
2000
2000
75000
2000
2000
15500
2000
10000
2000
110000
2000
2000
2000
2000
2000
2000
75000
2000
2000
2000
2000
2000
11500
11500
11500
91000
72000
81500
2000
2000
2000
2000
2000
61500
2000
2000
15500
10000
75000
5000
2000
2000
2000
2000
11500
5000
84500
2000
11500
2000
2000
11500
2000
3500
20000
61500
13500
14000
15500
20000
51000
11500
14000
4000
33000
20000
22000
60000
1000
11000
5000
25000
1000
32000
80000
25000
90000
80000
15000
25000
21000
12000
30000
12000
40000
12000
15000
50000
15000
25000
21000
5000
22000
35000
15000
35000
70000
11500
1000
5000
63000
1000
5000
3000
1000
105000
1000
11000
1000
1000
105000
1000
11000
1000
15000
1000
105000
1000
5000
13000
10000
1000
24000
92500
2000
2000
2000
5000
5000
5000
5000
2000
5000
5000
5000
5000
2000
5000
5000
5000
5000
2000
5000
5000
5000
5000
75000
11500
2000
11500
11500
11500
11500
2000
11500
2000
2000
2000
10000
11500
92500
5000
2000
2000
2000
2000
5000
2000
2000
75000
4500
2000
11500
2000
2000
2000
51000
23000
20000
90000
30000
10000
62500
15000
10000
21000
11500
81500
5000
11000
11500
15500
50500
24000
75000
5000
2000
2000
5000
2000
35500
2000
11500
2000
2000
14500
13000
81500
2000
5000
2000
2000
2000
2000
75000
2000
33000
73500
2000
33000
42500
2000
11500
15500
2000
11500
11500
11500
34500
75000
2500
11500
2000
15500
73500
2000
2000
2000
2000
2000
64000
2000
2000
2000
2000
11500
45000
13000
13000
61500
 500
2000
35500
11500
2000
13500
43500
5000
11500
10000
20000
90000
5000
2000
2000
13000
5000
2000
5000
30500
42500
11500
2000
33000
31000
90000
2000
2000
2000
2000
35500
10000
23500
15500
2000
2000
11500
15500
53500
60000
90000
80000
15000
25000
21000
12000
30000
12000
   0
30000
53000
25000
15000
25000
21000
5000
22000
35000
15000
70000
22000
60000
1000
11000
5000
25000
1000
32000
80000
11000
32500
15500
11500
23000
5000
20000
5000
5000
2000
5000
5000
5000
2000
5000
5000
5000
5000
2000
5000
13000
2000
110000
2000
5000
5000
50000
5000
5000
14000
1000
112000
2000
11500
2000
2000
11500
2000
11500
2000
54000
5000
5000
5000
5000
13000
5000
5000
5000
13000
75000
2000
13000
13000
 500
91000
2000
2000
2000
5000
5000
5000
5000
4500
14000
31500
13000
110000
2000
5000
5000
2000
5000
5000
2000
5000
5000
2000
2000
5000
5000
5000
5000
15500
5000
5000
5000
5000
92500
2000
2000
2000
2000
2000
91000
2000
2000
2000
31000
2000
75000
2000
2000
11500
2000
2000
2000
80000
15000
31000
2000
5500
113500
5000
5000
2000
13000
2000
5000
5000
22500
104500
2000
2000
2000
2000
21000
1000
113500
   0
2000
2000
25500
53000
63500
44500
10500
92500
2000
2000
15500
42000
120000
2000
2000
33000
11500
21500
45000
2000
2000
15000
44000
2000
23000
40000
2500
4000
2500
11500
15500
65000
5000
24000
31000
2000
2000
2000
61500
4500
4500
2000
53500
4500
5000
4500
4500
60000
2000
2000
2000
2000
31000
5000
52500
104500
5000
5000
5000
5000
35000
5000
5000
24000
81500
5000
2000
24000
2000
5000
5000
5000
5000
30500
11500
60000
2000
2000
15500
2000
15500
52000
62000
5000
5000
24000
64000
5000
2000
13000
5000
2000
53000
5000
4500
2000
11500
11500
42500
13000
13000
24000
81500
13000
13000
2000
61500
2000
2000
42500
2000
1500
5000
2000
91000
13000
50000
31000
5000
5000
5000
2000
5000
5000
5000
64000
2000
5000
2000
2000
5000
53000
11500
15500
2000
5000
5000
5000
5000
5000
4500
1500
81000
40000
1000
10000
2000
11000
1000
71000
5000
31000
2000
2000
5000
2000
2000
2000
2000
75000
11500
4500
5500
2000
42500
11500
4500
5500
2000
25000
2000
2000
2000
62500
31000
75000
1500
1500
1500
24500
2000
2000
64000
2000
2000
5000
5000
2000
5000
2000
2000
50500
2000
11500
2000
44500
1500
121000
2000
11500
2000
2000
73500
2000
11500
2000
11000
2000
11500
23000
2000
2000
53000
2000
2000
2000
2000
2000
82000
2000
2000
2000
2000
65000
20000
2000
24000
35500
2000
42500
2000
24000
63000
15500
33000
62500
2000
2000
13000
64000
2000
2000
32500
10000
30000
62500
15000
10000
13000
113000
10000
70000
10000
13000
113000
10000
23000
13000
113000
10000
13000
113000
10000
13000
73000
13000
73000
70000
10000
70000
10000
70000
10000
54000
24000
42000
24000
64000
2000
13000
2000
13000
75000
2000
4500
4500
4500
2000
65000
50000
5000
3000
42000
64000
62000
112000
24000
40000
123000
2000
4500
2000
2000
2000
2000
75000
20000
41500
81500
53000
40000
15000
2000
1000
72500
4500
2000
45000
24000
43000
83000
35000
5000
5000
13000
5000
5000
2000
5000
5000
5000
2000
5000
5000
5000
13000
64000
5000
5000
5000
31000
2000
2000
2000
11500
11500
11500
11500
11500
11500
11500
11500
11500
11500
11500
11500
2000
2000
21000
75000
5000
5000
5000
2000
5000
5000
5000
5000
13000
5000
5000
5000
2000
5000
5000
5000
24000
70500
5000
5000
5000
24000
64000
11500
15500
2000
2000
11500
11500
11500
2000
2000
4500
82000
3000
74000
5000
2000
2000
5000
2000
5000
5000
5000
2000
5000
2000
5000
5000
64000
2000
11500
2000
11500
2000
5000
4500
2000
21000
5000
5000
2000
11500
11500
92500
5000
2000
5000
5000
2000
5000
5000
2000
5000
2000
53000
2000
5000
4500
11500
2000
11500
2000
53500
35000
52000
   0
62500
50000
35500
81000
5000
41000
53000
14000
24000
5000
3500
24500
14500
15500
2000
11500
2000
11500
45000
5000
13000
5000
15000
12000
5000
2000
11500
11500
10500
72500
33000
62500
5000
13000
32000
5000
2000
2000
24500
25000
11000
20000
40000
13000
13000
13000
5500
11500
2000
11500
31500
20000
32000
11500
63500
5000
11000
40500
73500
2000
2000
2000
60000
2000
2000
2000
2000
11500
25000
85000
2000
2000
2000
11500
2000
85000
50500
71500
2000
2000
2000
71500
2000
2000
2000
2000
91000
2000
2000
2000
2000
11500
2000
11500
10000
92500
2000
2000
2000
2000
2000
2000
75000
2000
2000
2000
2000
2000
91000
2000
2000
11500
2000
21000
44000
2000
2000
42500
2000
2000
91000
2000
2000
15500
60000
2000
2000
2000
3500
75000
2000
2000
11500
2000
11500
60000
2000
2000
2000
2000
73500
2000
2000
2000
2000
91000
2000
2000
13500
2000
2000
11500
2000
73500
2000
2000
2000
2000
2000
65000
5000
13500
2000
2000
15500
2000
104500
61000
75000
2000
2000
2000
2000
2000
2000
94500
2500
2000
2000
2000
73500
2000
2000
2000
2000
2000
91000
2000
2000
11500
2000
2000
3500
75000
2000
2000
2000
2000
21000
11500
11500
11500
11500
11500
11500
11500
11500
11500
11500
11500
11500
2000
11500
11500
11500
11500
11500
11500
11500
11500
11500
11500
84000
5000
5000
5000
5000
5000
5000
5000
5000
5000
5000
5000
5000
5000
5000
5000
5000
5000
5000
5000
5000
5000
13000
5000
5000
5000
5000
5000
5000
5000
5000
5000
5000
5000
5000
5000
5000
5000
5000
5000
42000
13000
13000
2000
64000
11500
2000
11500
25000
11500
2000
11500
2000
2000
11500
2000
11500
2000
65000
5000
5000
5000
5000
5000
5000
5000
5000
5000
13000
5000
5000
5000
5000
5000
5000
5000
5000
22500
2000
93500
35000
50500
2000
50500
91000
2000
2000
2000
2000
84000
20000
3000
91500
2000
2000
2000
2000
2000
64000
2000
2000
2000
2000
2000
2000
11500
123000
2000
2000
2000
2000
73500
2000
2000
2000
2000
2000
73500
2000
2000
11500
2000
11500
60000
2000
2000
2000
2000
11500
102500
2000
2000
2000
2000
2000
91000
2000
2000
11500
2000
11500
2000
2000
73500
2000
2000
2000
11500
11500
11500
73500
2000
2000
2000
2000
2000
25000
11500
11500
11500
25000
60000
2000
2000
2000
42000
2000
2000
2000
2000
2000
25000
23000
85000
2000
2000
2000
2000
13000
4000
13000
20500
11000
103000
11500
2000
11500
2000
2000
2000
51500
42000
2000
2000
2000
2000
2000
5000
112500
2000
2000
2000
2000
32000
64000
2000
2000
2000
2000
2000
73500
2000
2000
2000
2000
91000
42000
11500
2000
2000
2000
2000
2000
3500
110000
2000
2000
2000
11500
11500
11500
2000
2000
73500
2000
32500
30000
30000
40000
64500
90500
20000
1500
20000
3000
20000
20000
20000
2000
 500
23000
110000
4000
22000
15500
25000
2000
25500
53000
2000
2000
2000
2000
2000
2000
24500
82500
2000
2000
2000
11500
85000
15500
2000
13000
55500
2000
15500
85000
11500
15500
2000
25000
11500
2000
25000
11500
2000
11500
2000
2000
91000
11500
15500
2000
10000
31000
2000
1000
71500
25000
15500
25000
11500
2000
25000
11500
50000
13000
21000
60000
2000
2000
60000
2000
2000
2000
2000
60000
2000
2000
2000
2000
60000
11500
42500
11500
2000
11500
15500
2000
2000
73500
33000
53000
1000
33000
33000
81500
54000
11500
2000
11500
13500
20000
71500
11500
25000
2000
5000
2000
2000
54000
85500
2000
2000
2000
5000
2000
75000
2000
2000
25000
2000
11500
2000
2000
42500
2000
42500
52000
11500
2000
2000
123500
2000
2000
2000
2000
2000
2000
 500
23500
103000
2000
2000
11500
2000
11500
2000
3500
2000
95000
13000
2000
2000
2000
75000
2000
2000
2000
2000
2000
2000
23500
2000
110000
2000
2000
2000
2000
2000
2000
1000
90000
2000
2000
2000
2000
11500
20500
52500
20000
40000
3500